1658
1659
1655
1656
1654
1656
1660
1655
1654
1655
1655
1652
1655
1655
1655
1656
1651
1654
1652
1651
1649
1650
1651
1651
1649
1651
1648
1649
1651
1648
1651
1648
1649
1649
1648
1646
1648
1648
1644
1648
1647
1648
1648
1646
1646
1645
1644
1643
1649
1647
1646
1645
1646
1645
1647
1641
1643
1645
1644
1644
1644
1645
1645
1643
1642
1642
1645
1640
1640
1641
1642
1639
1643
1641
1642
1642
1638
1641
1640
1640
1638
1638
1640
1639
1637
1638
1636
1638
1640
1639
1638
1640
1637
1637
1639
1637
1635
1638
1639
1635