1664
1664
1663
1659
1656
1651
1645
1644
1639
1636
1639
1635
1633
1640
1635
1633
1635
1628
1624
1626
1622
1614
1616
1611
1610
1604
1610
1606
1600
1600
1597
1594
1594
1594
1588
1586
1584
1581
1579
1583
1579
1573
1572
1575
1570
1565
1571
1564
1560
1558
1558
1557
1555
1556
1547
1549
1545
1544
1542
1540
1543
1534
1534
1529
1530
1528
1521
1528
1523
1519
1518
1516
1514
1514
1508
1513
1512
1503
1506
1503
1500
1496
1496
1498
1496
1492
1490
1485
1485
1484
1481
1486
1481
1478
1475
1473
1472
1470
1474
1468
1466
1466
1461
1460
1461
1463
1456
1456
1453
1449
1448
1456
1449
1445
1442
1441
1440
1437
1441
1436
1432
1432
1430
1430
1428
1431
1424
1420
1423
1421
1419
1416
1422
1417
1412
1414
1412
1409
1404
1414
1406
1403
1403
1399
1398
1395
1402
1399
1392
1390
1388
1386
1383
1392
1386
1381
1384
1380
1378
1375
1378
1381
1375
1371
1372
1372
1368
1367
1374
1367
1364
1361
1357
1357
1355
1357
1361
1355
1350
1349
1347
1347
1345
1349
1353
1342
1342
1338
1336
1334
1335
1341
1337
1332
1330
1326
1325
1324
1323
1334
1324
1321
1318
1319
1317
1314
1321
1315
1310
1311
1310
1306
1303
1315
1304
1303
1302
1298
1299
1298
1305
1296
1291
1293
1289
1287
1290
1294
1286
1284
1283
1278
1277
1281
1287
1278
1278
1278
1272
1272
1274
1278
1271
1269
1267
1264
1263
1276
1269
1261
1262
1255
1253
1253
1266
1260
1251
1254
1250
1247
1245
1251
1254
1245
1244
1245
1238
1239
1234
1246
1241
1237
1235
1232
1231
1231
1234
1236
1228
1228
1225
1225
1220
1231
1228
1222
1222
1218
1216
1216
1225
1220
1213
1210
1209
1207
1215
1219
1209
1208
1206
1202
1200
1212
1209
1200
1197
1196
1194
1192
1190
1203
1199
1189
1188
1185
1184
1179
1177
1191
1187
1180
1181
1174
1176
1173
1172
1184
1174
1169
1170
1168
1164
1167
1175
1169
1166
1164
1160
1159
1162
1168
1159
1155
1156
1154
1150
1162
1162
1153
1148
1146
1142
1143
1158
1151
1143
1142
1139
1142
1135
1150
1147
1138
1134
1136
1130
1130
1144
1145
1132
1132
1131
1128
1123
1135
1134
1126
1128
1124
1117
1119
1131
1127
1121
1119
1113
1109
1111
1125
1120
1110
1113
1110
1104
1104
1118
1114
1105
1105
1103
1098
1097
1106
1112
1103
1101
1098
1094
1090
1105
1102
1094
1092
1089
1087
1086
1099
1095
1091
1089
1082
1078
1083
1093
1086
1083
1081
1076
1075
1078
1089
1085
1076
1076
1070
1068
1068
1081
1078
1072
1074
1068
1063
1062
1072
1077
1067
1068
1064
1063
1055
1070
1070
1065
1062
1059
1055
1053
1067
1066
1059
1059
1055
1051
1047
1055
1065
1058
1059
1053
1048
1043
1044
1057
1059
1055
1049
1045
1041
1039
1033
1037
1051
1048
1043
1040
1035
1032
1031
1030
1044
1041
1032
1032
1030
1027
1024
1022
1038
1034
1024
1024
1021
1019
1016
1015
1028
1024
1017
1019
1016
1011
1009
1011
1023
1019
1010
1011
1011
1007
1005
1018
1014
1009
1008
1005
1003
1000
1015
1016
1005
1007
1003
998
998
1014
1012
1006
1004
1001
996
993
1011
1011
1004
997
995
995
992
996
1008
1004
999
998
991
987
987
998
1003
996
992
989
984
980
993
1000
991
985
985
981
978
984
995
992
987
984
978
974
974
987
995
980
981
975
972
968
971
983
984
975
973
968
966
961
963
973
979