1265
1265
1266
1265
1264
1263
1262
1263
1262
1260
1263
1263
1260
1259
1260
1260
1259
1261
1260
1259
1259
1256
1261
1258
1259
1257
1260
1257
1258
1259
1257
1256
1258
1257
1258
1255
1255
1255
1254
1256
1254
1255
1254
1254
1256
1252
1253
1255
1254
1252
1252
1255
1252
1251
1254
1254
1253
1253
1252
1253
1251
1252
1252
1252
1251
1251
1250
1252
1250
1251
1251
1249
1249
1248
1249
1251
1250
1251
1249
1251
1249
1251
1248
1250
1248
1250
1246
1251
1250
1248
1249
1249
1247
1248
1251
1247
1251
1253
1246
1249